71
46
11
68
4
49
88
39
7
88
27
93
26
33
16
87
89
95
10
46
30
72
25
98
0
2
12
24
42
35
92
20
44
89
67
43
63
78
12
17
58
63
42
14
95
67
63
97
59
51
51
62
9
11
5
20
85
7
73
90
92
43
3
20
37
36
55
88
76
80
22
66
10
20
84
91
8
92
74
53
89
66
85
79
13
23
31
78
39
30
17
61
41
86
39
93
35
54
64
28
65
71
53
7
65
11
92
73
52
71
75
25
23
70
55
27
13
11
50
56
44
67
84
36
77
64
89
91
40
65
26
62
23
43
98
51
42
7
75
15
78
42
89
15
22
41
78
77
19
16
35
28
87
65
57
31
84
13
4
31
70
7
44
2
70
52
72
6
40
33
20
53
40
75
58
83
92
80
45
82
34
47
45
36
79
57
25
34
47
8
53
84
55
9
62
73
63
93
84
76
9
34
20
35
85
11
15
83
91
7
89
37
94
17
69
47
42
99
83
86
80
91
35
22
13
15
2
74
20
0
66
94
80
72
7
86
29
61
87
69
25
61
81
82
71
77
82
54
51
31
36
98
0
40
68
10
74
60
53
86
94
3
5
83
33
63
88
41
88
75
87
85
84
4
2
70
32
78
53
16
26
13
27
62
20
40
64
7
84
30
86
67
70
75
14
32
32
81
12
53
42
67
22
69
71
46
40
63
80
75
69
49
3
25
41
19
55
75
24
1
38
63
70
19
98
24
96
56
21
80
34
77
3
95
57
27
6
20
54
72
12
29
83
1
38
66
38
80
80
68
40
41
80
84
92
58
28
25
12
99
28
38
15
85
15
45
43
54
57
78
81
82
61
68
67
13
63
57
49
9
77
77
27
70
37
41
70
74
7
27
13
65
61
49
26
61
58
14
61
7
7
60
96
91
59
56
80
20
30
70
15
75
21
64
94
28
51
97
68
5
51
47
40
23
48
98
44
98
73
29
43
5
94
90
80
42
2
29
47
55
40
65
15
29
19
94
68
15
81
6
55
34
3
35
24
32
93
52
52
3
2
92
84
64
29
79
60
55
87
58
43
73
39
53
6
99
81
35
6
92
99
70
11
18
77
15
59
17
57
69
75
24
18
5
32
92
13
60
97
31
40
16
37
30
60
68
15
89
14
91
20
82
62
82
51
32
84
49
54
60
74
55
81
58
62
41
29
94
56
49
99
13
55
51
88
6
16
60
79
20
90
69
77
38
72
86
36
88
0
32
83
7
2
7
41
12
72
76
5
33
91
86
9
21
58
7
45
46
1
70
73
19
13
14
37
38
18
46
61
18
33
27
6
2
75
73
68
34
54
54
48
6
26
59
47
24
75
36
47
21
61
86
82
59
55
7
17
88
68
45
71
91
92
71
74
75
15
21
49
25
43
58
71
63
58
47
74
33
28
57
96
63
22
55
30
26
85
29
61
28
43
57
10
26
83
36
0
60
52
38
81
88
6
73
77
58
93
47
22
4
75
96
41
32
62
43
48
19
69
3
96
16
73
68
65
20
43
97
80
49
8
34
31
79
81
56
59
67
24
75
3
6
3
43
64
53
36
64
9
43
76
52
47
82
44
91
32
75
12
32
41
92
46
67
8
59
99
29
1
96
60
67
27
49
0
63
1
42
52
23
92
84
75
67
94
10
18
54
81
81
27
55
95
39
14
86
96
39
60
20
78
79
56
15
53
92
86
55
43
9
65
12
18
9
92
77
4
82
13
40
85
98
22
19
15
97
44
91
86
71
96
95
23
12
15
26
11
4
77
89
43
96
49
7
46
58
97
18
73
8
88
87
99
68
67
76
65
7
48
1
7
87
35
52
91
85
95
66
69
31
93
35
41
38
23
71
81
20
48
22
86
60
90
81
8
45
60
18
96
0
86
26
66
96
9
33
95
16
63
13
8
0
50
38
36
64
23
22
63
94
11
65
51
0
13
67
83
25
3
5
21
0
38
88
76
21
78
40
38
84
71
72
12
12
64
42
16
64
2
94
7
88
44
18
67
26
68
73
58
82
27
32
71
99
96
4
88
27
2
85
85
34
55
31
72
81
47
63
94
93
26
12
69
58
77
94
91
25
79
14
13
6
27
68
7
46
0
70
63
56
10
50
84
65
31
65
89
69
84
85
10
96
44
83
50
5
33
77
70
82
54
92
69
28
1
49
77
52
10
74
69
66
56
82
46
9
31
36
3
80
81
95
55
83
24
5
86
73
4
15
9
39
17
61
54
25
12
15
20
89
