28
99
16
64
60
18
79
71
49
75
12
58
84
2
54
88
23
15
84
16
33
23
3
23
28
46
48
1
55
40
41
34
10
30
78
97
84
60
58
55
51
36
97
97
74
58
88
80
78
38
39
0
33
5
83
48
61
75
60
31
25
84
44
78
65
23
89
86
82
11
84
89
20
0
70
84
39
5
15
82
63
66
4
40
44
72
9
64
24
56
12
30
39
96
40
13
38
0
2
70
3
53
0
58
11
55
27
29
20
20
38
83
37
42
11
2
84
50
97
17
11
43
63
55
61
12
85
98
71
22
92
45
41
20
27
68
82
56
19
64
37
27
98
82
92
12
79
16
27
49
5
62
40
61
26
53
36
52
74
73
42
21
92
40
78
69
56
94
89
1
22
20
62
78
42
56
56
58
53
74
91
2
26
35
69
73
72
32
26
56
76
87
89
96
94
74
40
8
56
61
